id,Contact Information,Hours of Operation,Types of Support,Consultation Process,FAQs,Contact name,Contact email,Contact phone number,Live Chat,Appointment Booking,Customer Reviews,Support Resources,Language Options,Response Time,Company name,Company address,Company website
1,support@ecoPack.com,Mon-Fri 9am-5pm,Email & Phone,Step by step guide,FAQs1,Alice Smith,alice@ecoPack.com,+1234567890,Yes,Yes,"""Great service!"" - John D.",Resource1,English & Spanish,24-48 hours,EcoPack,123 Green St, www.ecoPack.com
2,help@luxPack.com,Mon-Sat 8am-6pm,Live Chat & Email,Initial assessment,FAQs2,Bob Johnson,bob@luxPack.com,+9876543210,Yes,No,"""Professional team."" - Sarah L.",Resource2,English & French,12-24 hours,LuxPack,456 Luxury Ave, www.luxPack.com
3,consult@proPack.com,Mon-Fri 10am-4pm,Phone & Live Chat,One-on-one sessions,FAQs3,Carol White,carol@proPack.com,+1122334455,No,Yes,"""Quick response!"" - Mike R.",Resource3,English,1-2 hours,ProPack,789 Pro Blvd, www.proPack.com
4,info@bioPack.com,Mon-Sun 9am-7pm,Email,Group webinars,FAQs4,Dave Black,dave@bioPack.com,+5566778899,Yes,No,"""Knowledgeable staff."" - Lisa K.",Resource4,English & German,24 hours,BioPack,101 Bio Ln, www.bioPack.com
5,support@craftPack.com,Mon-Fri 8am-8pm,Phone & Email,Detailed guide,FAQs5,Eve Green,eve@craftPack.com,+2233445566,No,Yes,"""Custom solutions!"" - Tony E.",Resource5,English & Italian,48 hours,CraftPack,202 Craft Rd, www.craftPack.com
6,contact@naturePack.com,Mon-Sat 9am-6pm,Live Chat,Online workshops,FAQs6,Frank Red,frank@naturePack.com,+3344556677,Yes,No,"""Eco-friendly options."" - Jane P.",Resource6,English & Chinese,24-48 hours,NaturePack,303 Nature Tr, www.naturePack.com
7,help@purePack.com,Mon-Sun 10am-5pm,Phone,In-person meetings,FAQs7,Grace Blue,grace@purePack.com,+4455667788,No,Yes,"""Transparent process."" - Ron S.",Resource7,English & Japanese,12 hours,PurePack,404 Pure Pkwy, www.purePack.com
8,consult@skyPack.com,Mon-Fri 9am-9pm,Email & Live Chat,Virtual consultations,FAQs8,Henry Brown,henry@skyPack.com,+5566889900,Yes,No,"""Sky's the limit!"" - Amy W.",Resource8,English & Portuguese,24 hours,SkyPack,505 Sky Sq, www.skyPack.com
9,info@earthPack.com,Mon-Sat 10am-7pm,Phone & Email,Step by step guide,FAQs9,Ivy Gray,ivy@earthPack.com,+6677889900,No,Yes,"""Down to earth team."" - Leo G.",Resource9,English & Korean,1-2 hours,EarthPack,606 Earth Dr, www.earthPack.com
10,support@waterPack.com,Mon-Sun 8am-8pm,Live Chat,Online resources,FAQs10,Jack White,jack@waterPack.com,+7788990011,Yes,No,"""Fluid process!"" - Claire H.",Resource10,English & Dutch,48 hours,WaterPack,707 Water Way, www.waterPack.com